52
-44
122
145
19
118
142
146
-9
120
9
72
82
106
24
60
-13
-48
-35
61
85
139
54
59
128
74
44
139
83
81
-23
57
61
-8
66
13
100
-25
129
23
-7
31
-46
115
33
97
82
22
101
42
86
54
143
98
139
-8
21
84
41
147
-10
75
60
64
130
61
147
20
17
-23
149
35
144
-8
99
54
102
95
6
107
-14
89
42
-1
-50
10
-43
38
-14
142
12
114
75
87
-20
80
52
40
138
94
95
-34
-37
-47
103
34
-42
85
68
-28
-42
105
29
41
132
-42
129
58
67
149
19
70
-19
-7
32
31
76
-24
-42
-37
-10
-33
148
30
-25
93
61
70
139
-50
-45
120
93
55
14
104
106
-36
-43
-29
73
12
28
41
139
138
1
5
133
146
81
76
132
6
81
72
0
-25
140
13
77
109
121
54
-45
47
43
56
117
6
115
113
142
63
70
94
32
-35
109
9
39
2
-26
-16
-36
71
145
150
56
4
